10 0.06644543716377005
11 0.06143271051598076
12 0.06139895493391479
13 0.0596221204126963
14 0.057451312638852815
15 0.05439749378562575
16 0.05167127390489898
17 0.04935911581674624
18 0.04776275829769028
19 0.04079919112535468
20 0.04133791920240437
21 0.04022170050956216
22 0.03775094974342806
23 0.03439228987975889
24 0.032340453952877116
25 0.030401661101551826
26 0.02644072858040417
27 0.02150652105190822
28 0.022773351303729004
29 0.018301293396054224
30 0.01660217732837427
31 0.016960059210253856
32 0.015282029590441927
33 0.013803813149553203
34 0.010608670321439287
35 0.011251335504159535
36 0.011834928366854663
37 0.008513335800240438
38 0.00526385738204397
39 0.0026642813124049115
40 0.002829284381567383
41 0.0013373733028628054
42 -4.489914222099596E-4
43 -0.001161829293158684
44 2.709453625770076E-4
45 -0.002458466665420127
46 -0.0028000366400167008
47 -0.004415838725886531
48 -0.004765927154431049
49 -0.0066458924207993065
50 -0.0074374472091728264
51 -0.009981866884653695
52 -0.008352626166344036
53 -0.00774552039797733
54 -0.01182051095926948
55 -0.010653669677074104
56 -0.010843702400990396
57 -0.012873863143198907
58 -0.012454231151790302
59 -0.013233119046369802
60 -0.014228667132013723
