10 0.03984388815164034
11 0.03776785493127941
12 0.03438643847118734
13 0.0316812708148418
14 0.027548161071490326
15 0.02414349113896943
16 0.02221465515714661
17 0.015400568709781348
18 0.019270757274380282
19 0.016974995202598517
20 0.012437549444173787
21 0.011254410222322842
22 0.009280892417383052
23 0.004781687767817694
24 0.003620476153889665
25 0.0012788460588071596
26 0.0019057605776233379
27 -6.950429712663917E-4
28 -0.004577045095140841
29 -0.0027037822095599103
30 -0.00911450224036629
31 -0.011534830486900885
32 -0.007700872746684757
33 -0.00930668090776333
34 -0.015617403643522963
35 -0.01448905777253794
36 -0.016466775011572857
37 -0.017684336796427058
38 -0.019797887520443397
39 -0.018704720467277797
40 -0.02182899688125404
41 -0.018140451652360022
42 -0.02135188706218538
43 -0.02477382479601973
44 -0.026651660654633823
45 -0.02492118972516212
46 -0.025337786011476543
47 -0.025863814251550942
48 -0.02738518275605914
49 -0.02700728856045051
50 -0.026172174258069832
51 -0.028716086338797457
52 -0.027245059922631102
53 -0.02940954754967356
54 -0.0289277806134284
55 -0.02842776953935167
56 -0.02845814252169583
57 -0.028909785367013278
58 -0.028625693645677325
59 -0.02966850974447533
60 -0.028715210149651962
