10 2.093262980459256
11 2.027182098652572
12 2.013711309214515
13 1.9195537702559726
14 1.876003779406564
15 1.8310963356332202
16 1.805059062552416
17 1.762409509264509
18 1.7392197305146395
19 1.7009524873629698
20 1.6477223980104059
21 1.6366813957089765
22 1.6146173773528842
23 1.604514291027347
24 1.5703399846862907
25 1.542817138048341
26 1.5163422308627994
27 1.4831440327196663
28 1.4881233255751445
29 1.4457084800441304
30 1.415912689353578
31 1.3765698632063643
32 1.3802674914852324
33 1.3419940842372804
34 1.3345928628067263
35 1.2830109512003502
36 1.2703372137761821
37 1.2689212721819554
38 1.2271152724111323
39 1.2007672521124118
40 1.176617138156625
41 1.1545693968724458
42 1.129397563695258
43 1.1067619705640057
44 1.0697194903566127
45 1.0522372459104747
46 1.0193579233753929
47 0.9918330473411745
48 0.9559299023542217
49 0.9419109386336041
50 0.925259915718942
51 0.9004860491810924
52 0.8793515940999787
53 0.8402350767549343
54 0.8221511766534387
55 0.8003809717682403
56 0.7814971383805052
57 0.7509041508109263
58 0.7242161275422826
59 0.7160820750986338
60 0.6903845291909229
