10 6.112862134044738E-5
11 6.19781972033874E-5
12 6.408705258647936E-5
13 6.528788128146951E-5
14 6.33738188652107E-5
15 6.394584336839718E-5
16 6.306543365820503E-5
17 6.242889691704749E-5
18 6.303494767553628E-5
19 6.38213679938136E-5
20 6.310166825174432E-5
21 6.538086293967089E-5
22 6.569504954819024E-5
23 6.573593810432115E-5
24 6.607926756110415E-5
25 6.67446631300866E-5
26 6.699596477720317E-5
27 6.683568718528396E-5
28 6.828861709983859E-5
29 6.704481445723924E-5
30 6.859808746204386E-5
31 6.804791788137921E-5
32 6.793702769897604E-5
33 6.725760482493819E-5
34 6.917672219402877E-5
35 6.663962657951516E-5
36 6.776232517859781E-5
37 6.872190767780322E-5
38 6.815234692890613E-5
39 6.788744895239026E-5
40 6.693045749320694E-5
41 6.57629721673622E-5
42 6.568805104654191E-5
43 6.642425181117155E-5
44 6.539563612166852E-5
45 6.416265525353672E-5
46 6.260060754830953E-5
47 6.276792531078432E-5
48 6.178018429842095E-5
49 6.140583833520189E-5
50 6.0471212933194715E-5
51 5.967536803849989E-5
52 5.84289049927477E-5
53 5.814479069089721E-5
54 5.680258895446454E-5
55 5.608374312538629E-5
56 5.530465408838905E-5
57 5.4402269451610376E-5
58 5.3440707406435747E-5
59 5.300264411418202E-5
60 5.111922285744006E-5
