10 60.63014670650529
11 61.81047083047001
12 64.28651256005884
13 65.7019804989211
14 64.47969184970586
15 65.37172921608312
16 65.12028884511687
17 64.63596877851923
18 65.53922753158913
19 66.2490641145515
20 65.75701298027401
21 67.81073992462181
22 68.27763721863128
23 68.43082025360971
24 68.48847327047052
25 68.86708188984058
26 69.42375590393856
27 69.03599169663883
28 69.79477347442094
29 68.55571932503534
30 69.43509339577247
31 68.52453734460214
32 68.38469373141264
33 67.70275936517056
34 68.29874520756464
35 66.00876941409734
36 66.41766980703146
37 66.30696690197846
38 65.30403217369886
39 64.86514746978551
40 63.546288992449576
41 62.06649151024285
42 61.28166295585112
43 60.92181911844473
44 59.2152029636834
45 58.19657778161785
46 56.328358431085825
47 55.60514388807904
48 54.04174044427467
49 53.12326610450142
50 51.80576341258862
51 50.30888956854854
52 48.738501594713945
53 47.37379634787602
54 45.754422763586774
55 44.722309663853096
56 43.37189600797824
57 41.67383214529319
58 40.25096450145333
59 39.4192574066727
60 37.423207151404625
