10 79.86994830809554
11 80.01433911760003
12 76.19639776198467
13 75.3024736475771
14 74.029488046745
15 72.82917664018812
16 72.00724164965015
17 70.7501802439836
18 69.05282865224291
19 69.32195363026196
20 69.89325980521271
21 70.44296377726242
22 69.00169153604813
23 68.47574572421586
24 68.92421408034535
25 68.07157324167889
26 68.41306889586178
27 68.71388113644362
28 68.21089024703309
29 68.76683822668744
30 69.11765098505006
31 69.31672854031854
32 69.59062508841818
33 70.0817321325339
34 70.38649828430728
35 71.97455224887877
36 70.25576121656955
37 71.46486996845404
38 71.07563263419281
39 73.0251252251069
40 71.92250705998607
41 73.00023639485322
42 73.93082077328823
43 74.25546834326072
44 74.72737255541942
45 74.76877531165839
46 73.86272065761399
47 74.62339935738189
48 75.99520107574746
49 75.58359813066464
50 77.2849569873766
51 77.70426502081733
52 78.0228753619565
53 76.92997052703213
54 77.66980733081422
55 79.12934054833993
56 79.23444646534567
57 81.05601846228635
58 80.68172170539926
59 81.39570192333997
60 81.33933396536128
