10 66.7094036457832
11 63.49914618462336
12 60.76145944430299
13 58.48584047046882
14 54.72763289057642
15 52.574306994515965
16 50.04974335582641
17 48.7669620756345
18 47.15556824643103
19 47.82764515067045
20 46.51404293940851
21 47.396381719948074
22 47.18068983341625
23 46.80222218850569
24 47.65698987453468
25 48.603141105838745
26 47.610864837428295
27 47.93009558791344
28 50.57529100619193
29 50.15580204404147
30 51.80913521907514
31 52.6701403754154
32 52.66691484873965
33 52.21451633891834
34 55.885878495824414
35 54.16875545270921
36 56.020766616739856
37 58.7457338214336
38 59.50237812280421
39 59.48504537349395
40 59.912428744349114
41 59.985544318441114
42 61.515306587929715
43 63.78389601662875
44 64.63830146022623
45 63.86868494175831
46 63.92751648670524
47 65.57157157327468
48 66.23134162811147
49 67.04224718028445
50 67.54564948166227
51 68.73018226905823
52 69.06450318049934
53 70.94113927236364
54 71.0311235005141
55 71.42878353699307
56 72.36014050410456
57 73.52199419644528
58 74.182084192825
59 74.53996046890659
60 74.34556748190673
