0.000000 1.000000
1.000000 1.000000
2.000000 1.000000
3.000000 1.000000
4.000000 1.000000
4.715239 3.060852
5.000000 3.060852
6.000000 3.060852
7.000000 3.060852
8.000000 3.060852
9.000000 3.060852
9.500040 6.516104
10.000000 6.516104
11.000000 6.516104
12.000000 6.516104
12.602023 8.993855
13.000000 8.993855
14.000000 8.993855
15.000000 8.993855
15.238873 9.577191
16.000000 9.577191
17.000000 9.577191
17.852100 5.699949
18.000000 5.699949
19.000000 5.699949
20.000000 5.699949
21.000000 5.699949
21.267053 2.427905
22.000000 2.427905
22.303869 2.519870
23.000000 2.519870
24.000000 2.519870
25.000000 2.519870
25.132256 0.560344
26.000000 0.560344
27.000000 0.560344
27.755026 1.805844
28.000000 1.805844
29.000000 1.805844
29.385010 1.801041
30.000000 1.801041
30.767124 2.098719
31.000000 2.098719
31.956213 4.860384
32.000000 4.860384
33.000000 4.860384
34.000000 4.860384
35.000000 4.860384
35.230682 8.561717
35.529588 8.468007
36.000000 8.468007
36.160681 10.934099
37.000000 10.934099
37.619676 13.475112
38.000000 13.475112
38.887259 15.319908
39.000000 15.319908
39.165482 14.353379
39.929865 14.225162
39.959101 16.125098
39.998143 15.930048
40.000000 15.930048
41.000000 15.930048
41.625058 12.417594
42.000000 12.417594
43.000000 12.417594
44.000000 12.417594
44.102219 8.223460
44.183806 11.297528
45.000000 11.297528
46.000000 11.297528
47.000000 11.297528
47.118527 14.293643
47.508412 11.085172
48.000000 11.085172
49.000000 11.085172
49.573293 10.692917
50.000000 10.692917
51.000000 10.692917
52.000000 10.692917
52.094150 8.867824
53.000000 8.867824
53.691324 7.358763
53.900671 7.342093
53.981905 3.409352
54.000000 3.409352
54.236333 3.355522
55.000000 3.355522
56.000000 3.355522
57.000000 3.355522
57.755414 2.602852
58.000000 2.602852
59.000000 2.602852
60.000000 2.602852
60.453495 3.503926
61.000000 3.503926
61.264934 3.469665
62.000000 3.469665
62.642462 5.538531
63.000000 5.538531
64.000000 5.538531
64.610312 7.468695
65.000000 7.468695
66.000000 7.468695
66.160819 7.321468
66.550396 11.732179
67.000000 11.732179
67.372523 13.128585
68.000000 13.128585
69.000000 13.128585
69.086794 13.925268
70.000000 13.925268
71.000000 13.925268
71.152405 15.242208
71.545784 9.628040
72.000000 9.628040
73.000000 9.628040
73.573313 11.612552
74.000000 11.612552
74.555809 9.124910
75.000000 9.124910
75.462532 11.688682
76.000000 11.688682
77.000000 11.688682
77.014256 14.594261
77.206869 14.447856
77.839941 16.653804
78.000000 16.653804
78.020639 17.902950
78.665185 19.814163
79.000000 19.814163
79.425832 21.451567
80.000000 21.451567
80.185586 22.782091
81.000000 22.782091
81.009695 23.405794
81.775810 27.833166
81.936438 25.344560
82.000000 25.344560
82.845181 22.481840
83.000000 22.481840
83.783758 19.600106
84.000000 19.600106
84.808692 16.913004
84.830675 16.587170
85.000000 16.587170
85.992067 14.279570
86.000000 14.279570
87.000000 14.279570
87.514093 12.132054
88.000000 12.132054
88.017781 9.032771
89.000000 9.032771
89.492454 7.306785
90.000000 7.306785
90.895374 7.207857
91.000000 7.207857
91.624789 5.441071
91.638889 3.068166
92.000000 3.068166
93.000000 3.068166
94.000000 3.068166
95.000000 3.068166
95.432231 3.520434
96.000000 3.520434
96.976715 3.495712
97.000000 3.495712
98.000000 3.495712
98.155825 7.374851
99.000000 7.374851
99.536580 7.342325
100.000000 7.342325
100.828581 11.652492
101.000000 11.652492
102.000000 11.652492
102.284522 13.900922
102.317783 13.649313
102.354113 15.680287
103.000000 15.680287
104.000000 15.680287
104.062841 14.841970
104.629624 14.590429
105.000000 14.590429
105.742128 10.240543
106.000000 10.240543
107.000000 10.240543
107.378672 10.434707
108.000000 10.434707
108.094701 5.935178
109.000000 5.935178
109.029142 5.900689
110.000000 5.900689
110.145387 3.376303
111.000000 3.376303
111.834669 5.849576
112.000000 5.849576
113.000000 5.849576
114.000000 5.849576
114.033135 4.346829
115.000000 4.346829
116.000000 4.346829
116.698188 6.525804
117.000000 6.525804
118.000000 6.525804
119.000000 6.525804
120.000000 6.525804
120.625540 5.855477
121.000000 5.855477
122.000000 5.855477
122.594513 5.127943
123.000000 5.127943
124.000000 5.127943
124.832608 2.335947
125.000000 2.335947
126.000000 2.335947
127.000000 2.335947
127.107094 2.647962
128.000000 2.647962
129.000000 2.647962
130.000000 2.647962
131.000000 2.647962
131.241072 2.178850
132.000000 2.178850
133.000000 2.178850
134.000000 2.178850
134.281181 2.147576
135.000000 2.147576
135.898463 0.731381
136.000000 0.731381
137.000000 0.731381
138.000000 0.731381
139.000000 0.731381
140.000000 0.731381
140.841410 1.536112
141.000000 1.536112
141.246278 1.509845
142.000000 1.509845
142.451343 2.253097
143.000000 2.253097
144.000000 2.253097
145.000000 2.253097
146.000000 2.253097
146.659594 4.395799
146.767898 5.083880
147.000000 5.083880
148.000000 5.083880
148.241055 4.987007
149.000000 4.987007
149.656326 4.290964
150.000000 4.290964
150.313720 8.137086
151.000000 8.137086
152.000000 8.137086
152.810750 11.651013
153.000000 11.651013
153.220159 11.603029
153.764215 14.468771
154.000000 14.468771
154.914688 11.451705
155.000000 11.451705
156.000000 11.451705
157.000000 11.451705
157.407759 14.998143
158.000000 14.998143
158.229161 11.634057
159.000000 11.634057
160.000000 11.634057
160.129010 14.141140
161.000000 14.141140
162.000000 14.141140
162.567658 11.629343
162.953658 8.955383
163.000000 8.955383
163.474289 8.863600
164.000000 8.863600
164.080158 7.050348
165.000000 7.050348
166.000000 7.050348
166.320622 4.487502
167.000000 4.487502
167.810940 4.424737
168.000000 4.424737
168.711037 3.972919
169.000000 3.972919
170.000000 3.972919
170.997965 5.700960
171.000000 5.700960
172.000000 5.700960
173.000000 5.700960
174.000000 5.700960
174.279331 8.290740
174.313698 8.134304
174.430952 8.901350
175.000000 8.901350
175.396275 11.016649
175.428325 11.899597
176.000000 11.899597
176.394812 12.888867
177.000000 12.888867
177.346488 13.969514
178.000000 13.969514
178.303331 15.093651
178.697206 14.806689
178.744201 14.082611
179.000000 14.082611
179.174847 15.129989
180.000000 15.129989
180.802702 9.931411
181.000000 9.931411
182.000000 9.931411
183.000000 9.931411
183.315499 5.234408
184.000000 5.234408
185.000000 5.234408
186.000000 5.234408
186.467572 7.021762
186.728560 5.469755
187.000000 5.469755
188.000000 5.469755
188.790870 5.368261
189.000000 5.368261
189.595304 9.253890
189.928627 9.168642
190.000000 9.168642
190.753279 12.175323
191.000000 12.175323
192.000000 12.175323
192.239805 15.630131
193.000000 15.630131
193.258319 16.177600
193.535525 19.256222
193.742377 18.971722
194.000000 18.971722
194.200843 20.656514
194.686325 18.911725
195.000000 18.911725
196.000000 18.911725
196.091901 15.542557
197.000000 15.542557
197.709762 10.532905
198.000000 10.532905
199.000000 10.532905
199.687465 7.375705
200.000000 7.375705
200.451853 10.994295
201.000000 10.994295
202.000000 10.994295
202.100082 9.392508
203.000000 9.392508
204.000000 9.392508
204.042434 13.664460
204.822605 15.278138
205.000000 15.278138
206.000000 15.278138
206.811317 13.513025
207.000000 13.513025
207.270039 16.609992
208.000000 16.609992
209.000000 16.609992
209.315828 21.290208
209.873280 17.098719
210.000000 17.098719
211.000000 17.098719
211.046515 21.401376
212.000000 21.401376
212.622603 20.163108
213.000000 20.163108
214.000000 20.163108
214.185395 19.955665
214.242378 15.676780
214.297431 12.178962
214.341971 12.003245
215.000000 12.003245
216.000000 12.003245
216.089713 9.607382
217.000000 9.607382
217.435485 7.106425
218.000000 7.106425
218.103037 7.052632
218.518156 4.585966
219.000000 4.585966
220.000000 4.585966
220.964288 8.181316
221.000000 8.181316
222.000000 8.181316
222.614536 8.070308
223.000000 8.070308
223.972141 12.804493
224.000000 12.804493
224.398696 13.214815
225.000000 13.214815
225.266597 13.001965
226.000000 13.001965
226.197761 15.448622
227.000000 15.448622
227.085942 12.611461
227.831751 12.365457
228.000000 12.365457
229.000000 12.365457
229.008131 15.729900
229.415166 10.883213
230.000000 10.883213
230.831695 10.704829
231.000000 10.704829
232.000000 10.704829
232.057125 5.873718
232.995892 9.409956
233.000000 9.409956
233.961585 9.226829
234.000000 9.226829
234.890420 13.313922
235.000000 13.313922
236.000000 13.313922
236.088156 10.442376
237.000000 10.442376
237.270585 15.354759
237.711422 15.146295
238.000000 15.146295
238.350931 18.508750
239.000000 18.508750
239.223096 14.986959
240.000000 14.986959
241.000000 14.986959
241.801934 10.651750
241.966798 13.487454
242.000000 13.487454
243.000000 13.487454
243.279069 13.353821
244.000000 13.353821
244.378226 16.398878
244.793483 17.343221
245.000000 17.343221
246.000000 17.343221
246.756395 15.180064
247.000000 15.180064
247.724529 20.850943
248.000000 20.850943
249.000000 20.850943
249.394123 17.010677
249.736033 16.809330
250.000000 16.809330
250.346576 19.189354
251.000000 19.189354
251.028439 16.661581
252.000000 16.661581
252.918526 16.355533
252.947672 10.575471
252.954353 10.391587
253.000000 10.391587
253.887458 9.094823
254.000000 9.094823
254.504275 7.032872
255.000000 7.032872
255.893914 9.207551
256.000000 9.207551
256.561879 7.566851
257.000000 7.566851
257.550049 7.469571
257.949750 4.271605
258.000000 4.271605
259.000000 4.271605
259.490755 3.172775
260.000000 3.172775
260.590518 6.357622
261.000000 6.357622
262.000000 6.357622
262.830302 6.300398
263.000000 6.300398
264.000000 6.300398
264.026885 3.338922
264.587202 4.231736
265.000000 4.231736
266.000000 4.231736
266.093376 4.155769
267.000000 4.155769
268.000000 4.155769
268.033336 2.633810
269.000000 2.633810
270.000000 2.633810
270.825717 3.424212
271.000000 3.424212
271.214963 5.477112
272.000000 5.477112
272.762921 5.453649
273.000000 5.453649
273.733588 3.958001
274.000000 3.958001
275.000000 3.958001
275.092362 4.852471
276.000000 4.852471
276.835457 7.339735
277.000000 7.339735
277.813940 7.215547
278.000000 7.215547
278.212433 8.163272
279.000000 8.163272
280.000000 8.163272
280.769023 11.731875
280.925836 11.538470
281.000000 11.538470
281.122043 14.664582
282.000000 14.664582
282.074126 18.215700
283.000000 18.215700
284.000000 18.215700
284.165048 16.597493
284.323469 16.311082
284.679539 14.539276
285.000000 14.539276
285.995908 18.425762
286.000000 18.425762
286.281135 16.665884
287.000000 16.665884
288.000000 16.665884
288.207311 14.645568
288.644380 15.571888
289.000000 15.571888
290.000000 15.571888
290.731449 13.383897
291.000000 13.383897
291.381440 8.133580
291.864179 7.983857
292.000000 7.983857
292.652013 7.628119
293.000000 7.628119
294.000000 7.628119
294.247489 4.264142
295.000000 4.264142
296.000000 4.264142
296.330622 4.182371
296.966753 2.876378
297.000000 2.876378
298.000000 2.876378
299.000000 2.876378
300.000000 2.876378
300.691785 6.847246
301.000000 6.847246
302.000000 6.847246
303.000000 6.847246
304.000000 6.847246
304.058076 10.722117
305.000000 10.722117
306.000000 10.722117
306.916644 5.607812
307.000000 5.607812
307.513763 6.790660
308.000000 6.790660
309.000000 6.790660
310.000000 6.790660
310.304695 4.280371
311.000000 4.280371
311.812719 4.208901
312.000000 4.208901
313.000000 4.208901
313.574207 7.246299
313.977956 9.881193
314.000000 9.881193
314.802446 9.686752
315.000000 9.686752
316.000000 9.686752
316.056776 12.544048
317.000000 12.544048
317.135738 11.707570
318.000000 11.707570
318.502954 15.092341
319.000000 15.092341
320.000000 15.092341
320.428333 18.097779
320.517056 15.277197
321.000000 15.277197
322.000000 15.277197
322.133739 17.225298
322.340469 16.976187
322.542813 18.138288
323.000000 18.138288
324.000000 18.138288
324.347054 12.956468
325.000000 12.956468
325.293278 12.298024
326.000000 12.298024
327.000000 12.298024
327.440441 14.415236
328.000000 14.415236
328.234474 11.702808
329.000000 11.702808
329.157122 11.497910
330.000000 11.497910
330.417618 17.036562
330.491904 15.337872
331.000000 15.337872
331.765984 15.081520
332.000000 15.081520
332.349698 14.600973
333.000000 14.600973
333.238713 14.435657
334.000000 14.435657
334.089245 8.135391
334.804501 8.028035
335.000000 8.028035
336.000000 8.028035
336.018552 13.169742
337.000000 13.169742
337.498531 10.580767
338.000000 10.580767
338.146829 10.476615
339.000000 10.476615
339.089096 11.923818
339.624451 10.484314
340.000000 10.484314
341.000000 10.484314
341.770222 6.687470
342.000000 6.687470
343.000000 6.687470
343.004882 6.611910
343.467381 8.904709
344.000000 8.904709
344.110227 8.792124
345.000000 8.792124
345.652542 6.019689
346.000000 6.019689
347.000000 6.019689
347.060003 5.925844
348.000000 5.925844
348.407990 9.301598
348.852570 11.863507
349.000000 11.863507
349.745262 11.642837
350.000000 11.642837
351.000000 11.642837
351.296859 12.775554
352.000000 12.775554
352.763485 12.668228
353.000000 12.668228
353.319878 8.702736
354.000000 8.702736
354.664815 5.305175
355.000000 5.305175
356.000000 5.305175
356.765806 6.051098
357.000000 6.051098
358.000000 6.051098
359.000000 6.051098
360.000000 6.051098
360.115105 10.832805
360.389077 9.666800
361.000000 9.666800
361.987148 9.591805
362.000000 9.591805
362.471518 5.749680
363.000000 5.749680
364.000000 5.749680
365.000000 5.749680
365.348511 6.088209
366.000000 6.088209
367.000000 6.088209
367.384139 6.074310
368.000000 6.074310
368.358737 8.678875
369.000000 8.678875
369.002712 11.051332
370.000000 11.051332
371.000000 11.051332
371.641480 6.601280
372.000000 6.601280
372.995056 6.474882
373.000000 6.474882
373.537331 11.358765
373.810121 11.184393
374.000000 11.184393
375.000000 11.184393
375.540852 5.981798
376.000000 5.981798
376.132544 6.790833
377.000000 6.790833
377.849855 6.675177
378.000000 6.675177
378.059304 7.918258
378.215311 12.445655
379.000000 12.445655
380.000000 12.445655
380.698545 16.054823
381.000000 16.054823
381.114254 15.843493
381.683946 19.196204
382.000000 19.196204
382.396662 15.852639
383.000000 15.852639
383.316126 15.547970
384.000000 15.547970
384.354579 9.612518
385.000000 9.612518
386.000000 9.612518
386.617864 9.963735
386.822087 7.490933
387.000000 7.490933
387.502612 7.413118
388.000000 7.413118
389.000000 7.413118
389.405781 13.090926
390.000000 13.090926
391.000000 13.090926
391.737523 14.645990
392.000000 14.645990
392.657870 14.603476
393.000000 14.603476
393.615061 9.249317
394.000000 9.249317
395.000000 9.249317
395.070481 11.935889
396.000000 11.935889
396.273765 14.954792
397.000000 14.954792
397.458269 14.699033
398.000000 14.699033
398.231424 17.254711
398.532609 17.113437
399.000000 17.113437
399.241553 18.762204
400.000000 18.762204
400.059135 14.956967
401.000000 14.956967
401.634870 14.369295
402.000000 14.369295
402.674412 19.807556
403.000000 19.807556
404.000000 19.807556
404.111049 19.027638
404.749974 18.664036
405.000000 18.664036
405.230543 12.500325
406.000000 12.500325
406.956387 13.542513
407.000000 13.542513
407.388131 10.155909
408.000000 10.155909
408.756636 10.061428
409.000000 10.061428
409.109030 14.664514
409.816315 14.489786
410.000000 14.489786
410.674780 18.886458
411.000000 18.886458
411.065162 18.558063
412.000000 18.558063
412.031877 21.295452
412.255589 17.573424
413.000000 17.573424
414.000000 17.573424
414.487165 12.898335
415.000000 12.898335
415.394088 16.293164
416.000000 16.293164
416.039441 15.990916
416.507891 20.458163
417.000000 20.458163
417.531608 20.189698
418.000000 20.189698
418.169914 22.296986
419.000000 22.296986
419.215677 21.994280
419.617306 17.778113
420.000000 17.778113
421.000000 17.778113
421.459356 11.077214
422.000000 11.077214
422.345676 12.028013
422.847628 11.938157
423.000000 11.938157
423.076799 11.810726
424.000000 11.810726
425.000000 11.810726
425.032405 15.822553
425.563650 15.443384
426.000000 15.443384
426.354470 15.226057
426.662169 21.570565
427.000000 21.570565
427.394593 23.060513
428.000000 23.060513
428.642393 22.644768
429.000000 22.644768
429.026358 20.886176
429.360577 21.959960
430.000000 21.959960
431.000000 21.959960
431.081929 15.429934
432.000000 15.429934
432.260858 16.333721
433.000000 16.333721
433.348297 21.434096
434.000000 21.434096
435.000000 21.434096
435.057649 21.752770
435.106347 21.368447
435.179577 21.270100
435.790675 25.479525
436.000000 25.479525
436.164991 24.309000
437.000000 24.309000
437.285274 21.887384
438.000000 21.887384
438.099134 21.478965
438.335069 18.094250
438.380430 11.855517
439.000000 11.855517
440.000000 11.855517
440.670021 10.669244
441.000000 10.669244
441.044362 10.550610
442.000000 10.550610
442.111197 13.940835
442.187859 12.269270
443.000000 12.269270
444.000000 12.269270
444.164391 18.253287
444.813178 18.124789
445.000000 18.124789
445.019552 22.143281
445.408877 21.731565
446.000000 21.731565
446.810122 14.761781
447.000000 14.761781
447.780232 14.987403
448.000000 14.987403
449.000000 14.987403
449.193858 16.433792
450.000000 16.433792
450.776494 16.066210
451.000000 16.066210
451.003164 15.761834
451.165560 16.970031
452.000000 16.970031
452.535321 19.965318
453.000000 19.965318
453.062950 17.730733
454.000000 17.730733
454.145575 17.415687
454.654401 11.444176
455.000000 11.444176
455.902496 11.346597
456.000000 11.346597
456.615032 8.103477
457.000000 8.103477
457.746138 6.957671
458.000000 6.957671
459.000000 6.957671
460.000000 6.957671
460.046414 8.550531
461.000000 8.550531
461.312134 12.178638
462.000000 12.178638
463.000000 12.178638
463.388294 17.355701
464.000000 17.355701
464.408915 21.776580
464.845253 21.388148
465.000000 21.388148
465.893952 16.440675
466.000000 16.440675
466.539420 16.203143
467.000000 16.203143
467.767268 10.204506
468.000000 10.204506
468.275874 11.739737
469.000000 11.739737
469.354266 11.530426
470.000000 11.530426
470.316431 6.672691
470.770170 7.611862
471.000000 7.611862
472.000000 7.611862
472.346332 7.462543
473.000000 7.462543
473.328113 12.195201
473.357207 12.164089
474.000000 12.164089
475.000000 12.164089
476.000000 12.164089
476.022560 17.008894
477.000000 17.008894
477.318282 20.302217
478.000000 20.302217
478.339486 16.411935
479.000000 16.411935
480.000000 16.411935
480.436325 21.295890
480.871755 17.105991
481.000000 17.105991
482.000000 17.105991
482.945899 16.373039
483.000000 16.373039
483.619436 20.126160
484.000000 20.126160
485.000000 20.126160
485.563424 16.316998
486.000000 16.316998
486.148784 22.240396
486.997736 21.905685
487.000000 21.905685
487.810265 14.038689
488.000000 14.038689
488.444789 13.872273
489.000000 13.872273
489.682150 18.794471
489.905587 15.439165
490.000000 15.439165
490.906101 15.152068
491.000000 15.152068
492.000000 15.152068
492.021989 21.814494
492.177898 18.008121
493.000000 18.008121
493.279307 17.788357
494.000000 17.788357
494.106617 23.150571
494.413544 19.276020
495.000000 19.276020
495.312902 18.981851
496.000000 18.981851
496.162972 17.111441
496.506017 12.348688
497.000000 12.348688
497.376651 12.160626
498.000000 12.160626
498.475854 17.376460
498.918959 14.581422
499.000000 14.581422
499.774266 14.505040
500.000000 14.505040
500.560233 9.323435
501.000000 9.323435
501.321880 13.651313
502.000000 13.651313
502.120521 13.526205
503.000000 13.526205
503.150516 18.536925
503.157884 18.403872
504.000000 18.403872
504.558905 18.103969
505.000000 18.103969
505.252150 16.755972
505.989231 16.659947
506.000000 16.659947
507.000000 16.659947
507.096954 12.997127
507.550149 11.739959
508.000000 11.739959
508.408954 11.610795
509.000000 11.610795
509.416285 16.951631
510.000000 16.951631
510.719282 14.859264
511.000000 14.859264
511.065455 14.839513
511.190481 8.475172
511.655790 8.397513
512.000000 8.397513
513.000000 8.397513
513.495949 13.689375
514.000000 13.689375
514.935709 12.150339
515.000000 12.150339
516.000000 12.150339
516.042215 10.171293
517.000000 10.171293
518.000000 10.171293
518.419395 9.388430
519.000000 9.388430
520.000000 9.388430
520.835200 12.536718
521.000000 12.536718
521.944580 12.468382
522.000000 12.468382
522.673363 7.967804
523.000000 7.967804
523.516128 7.858160
524.000000 7.858160
524.794143 13.447041
525.000000 13.447041
525.336631 15.719861
526.000000 15.719861
527.000000 15.719861
527.391787 17.669910
528.000000 17.669910
528.449491 17.395100
529.000000 17.395100
529.152853 12.109450
529.764266 11.929131
530.000000 11.929131
531.000000 11.929131
531.014597 7.787203
531.751528 11.333707
532.000000 11.333707
532.726125 11.164870
533.000000 11.164870
533.990157 15.162680
534.000000 15.162680
534.315846 12.301902
535.000000 12.301902
535.530122 12.159225
536.000000 12.159225
536.110170 10.978538
537.000000 10.978538
538.000000 10.978538
538.813295 9.120355
539.000000 9.120355
539.127675 7.359080
540.000000 7.359080
540.076285 7.280544
540.775160 7.294037
541.000000 7.294037
542.000000 7.294037
542.031693 8.977477
542.718158 8.813815
543.000000 8.813815
544.000000 8.813815
544.513535 5.186561
545.000000 5.186561
545.025378 6.591521
546.000000 6.591521
546.853467 10.147265
546.905187 10.038443
546.978067 12.582327
547.000000 12.582327
548.000000 12.582327
549.000000 12.582327
549.048807 9.063651
549.622429 12.266482
550.000000 12.266482
550.531681 12.116632
551.000000 12.116632
551.027326 15.475305
551.128486 19.433923
552.000000 19.433923
553.000000 19.433923
553.311631 19.234908
553.569330 18.909818
554.000000 18.909818
554.223807 20.609292
554.229731 15.747402
555.000000 15.747402
556.000000 15.747402
556.274612 10.350919
556.989674 10.164307
557.000000 10.164307
557.528832 8.665518
558.000000 8.665518
559.000000 8.665518
559.612847 11.983322
560.000000 11.983322
560.180487 15.520156
560.403002 15.237631
561.000000 15.237631
561.903679 17.702886
562.000000 17.702886
563.000000 17.702886
563.857601 17.511909
563.858286 13.922129
563.858493 13.787229
564.000000 13.787229
564.604111 10.764713
565.000000 10.764713
566.000000 10.764713
566.051186 12.352883
566.540183 9.513334
567.000000 9.513334
568.000000 9.513334
568.151329 9.326124
568.641076 6.178371
568.979700 3.710069
569.000000 3.710069
570.000000 3.710069
571.000000 3.710069
572.000000 3.710069
572.186914 4.017399
573.000000 4.017399
573.322289 3.945768
574.000000 3.945768
575.000000 3.945768
575.404448 5.858503
575.744522 4.887883
576.000000 4.887883
577.000000 4.887883
578.000000 4.887883
578.653423 5.613312
579.000000 5.613312
579.832450 3.300280
580.000000 3.300280
581.000000 3.300280
582.000000 3.300280
582.190042 3.246240
583.000000 3.246240
583.868063 1.593874
584.000000 1.593874
585.000000 1.593874
586.000000 1.593874
587.000000 1.593874
587.197173 4.101462
587.287234 4.232386
588.000000 4.232386
588.931678 4.198398
589.000000 4.198398
589.889368 3.015603
590.000000 3.015603
591.000000 3.015603
592.000000 3.015603
592.229353 5.586754
593.000000 5.586754
593.990178 8.053054
594.000000 8.053054
594.117605 7.907926
594.232296 10.745252
595.000000 10.745252
596.000000 10.745252
596.422726 13.558601
596.852277 13.341687
597.000000 13.341687
597.495910 15.825154
598.000000 15.825154
599.000000 15.825154
599.136043 11.894686
599.822228 11.709116
600.000000 11.709116
600.259991 11.517237
600.863449 12.346275
601.000000 12.346275
602.000000 12.346275
602.148723 7.147808
603.000000 7.147808
603.625641 7.057262
604.000000 7.057262
605.000000 7.057262
605.460033 10.437397
605.465489 7.562258
606.000000 7.562258
607.000000 7.562258
607.405805 7.433983
608.000000 7.433983
608.250900 12.849139
609.000000 12.849139
610.000000 12.849139
610.585787 13.047538
611.000000 13.047538
611.269687 12.959440
612.000000 12.959440
612.491548 7.235575
613.000000 7.235575
613.184393 9.347581
614.000000 9.347581
615.000000 9.347581
615.498424 8.791389
616.000000 8.791389
617.000000 8.791389
617.309016 11.873932
617.685865 11.641988
618.000000 11.641988
618.061136 15.480312
619.000000 15.480312
619.838283 16.223739
619.845107 15.357932
620.000000 15.357932
621.000000 15.357932
621.504961 14.459420
621.757300 14.274391
622.000000 14.274391
622.012453 14.956941
623.000000 14.956941
623.796830 10.551953
624.000000 10.551953
624.251058 10.359462
625.000000 10.359462
625.095916 6.994643
625.760388 9.878258
626.000000 9.878258
627.000000 9.878258
627.852472 9.710165
628.000000 9.710165
628.338365 5.285863
628.754546 5.201374
629.000000 5.201374
630.000000 5.201374
630.325246 9.018551
631.000000 9.018551
632.000000 9.018551
632.996247 8.922796
633.000000 8.922796
633.371032 7.709819
633.857502 4.378423
634.000000 4.378423
634.821465 4.333995
635.000000 4.333995
636.000000 4.333995
637.000000 4.333995
638.000000 4.333995
638.174341 2.930817
639.000000 2.930817
640.000000 2.930817
640.385378 4.404104
640.776726 4.328750
641.000000 4.328750
641.412378 5.203920
642.000000 5.203920
643.000000 5.203920
643.752201 5.041680
644.000000 5.041680
645.000000 5.041680
646.000000 5.041680
646.176605 7.925287
646.948991 7.534190
647.000000 7.534190
647.436157 7.420530
647.677300 9.040365
648.000000 9.040365
649.000000 9.040365
650.000000 9.040365
650.877525 6.199651
651.000000 6.199651
651.672811 6.160144
651.932462 7.868198
652.000000 7.868198
652.084659 7.738999
653.000000 7.738999
654.000000 7.738999
654.684627 4.139357
655.000000 4.139357
656.000000 4.139357
656.869249 4.092585
657.000000 4.092585
658.000000 4.092585
658.406391 3.248538
659.000000 3.248538
659.705485 3.771791
660.000000 3.771791
661.000000 3.771791
661.413133 3.726919
662.000000 3.726919
663.000000 3.726919
663.512954 5.735036
664.000000 5.735036
664.109437 3.938636
665.000000 3.938636
666.000000 3.938636
666.087588 3.878955
667.000000 3.878955
667.609483 4.845771
667.946246 7.200609
668.000000 7.200609
669.000000 7.200609
669.851194 7.066317
670.000000 7.066317
670.708669 11.538962
671.000000 11.538962
671.312494 11.430750
672.000000 11.430750
672.702962 9.379063
672.914631 11.511989
673.000000 11.511989
674.000000 11.511989
675.000000 11.511989
675.739719 6.818936
676.000000 6.818936
676.307308 9.668966
677.000000 9.668966
678.000000 9.668966
678.601652 13.053866
679.000000 13.053866
679.844187 11.091024
680.000000 11.091024
680.424507 14.279642
681.000000 14.279642
682.000000 14.279642
682.040767 16.788785
683.000000 16.788785
683.604910 15.107679
684.000000 15.107679
684.337862 16.546956
685.000000 16.546956
685.247777 13.308873
686.000000 13.308873
687.000000 13.308873
687.184852 9.149262
688.000000 9.149262
688.553588 13.581014
689.000000 13.581014
689.748303 10.399573
690.000000 10.399573
691.000000 10.399573
691.719927 11.963845
692.000000 11.963845
693.000000 11.963845
693.687791 9.885267
694.000000 9.885267
694.706718 6.437017
695.000000 6.437017
695.599962 6.355928
696.000000 6.355928
697.000000 6.355928
697.441871 3.012101
698.000000 3.012101
699.000000 3.012101
700.000000 3.012101
701.000000 3.012101
701.397172 1.965679
702.000000 1.965679
703.000000 1.965679
704.000000 1.965679
704.122576 1.013623
704.138613 2.220922
705.000000 2.220922
706.000000 2.220922
707.000000 2.220922
708.000000 2.220922
709.000000 2.220922
710.000000 2.220922
711.000000 2.220922
711.422030 5.311566
712.000000 5.311566
712.009639 5.240348
713.000000 5.240348
713.840343 5.814488
714.000000 5.814488
714.050538 9.013704
715.000000 9.013704
716.000000 9.013704
717.000000 9.013704
717.134238 9.388477
717.467745 9.312278
718.000000 9.312278
718.185066 10.761151
719.000000 10.761151
719.502075 6.466223
720.000000 6.466223
720.722558 6.396444
721.000000 6.396444
721.924160 11.369283
722.000000 11.369283
723.000000 11.369283
723.250909 11.216385
723.816796 11.102889
724.000000 11.102889
724.111566 13.710322
724.842290 13.620964
725.000000 13.620964
726.000000 13.620964
726.144949 8.254398
726.713793 8.210302
727.000000 8.210302
728.000000 8.210302
728.045881 7.862800
728.348977 8.889840
729.000000 8.889840
729.752474 8.830230
730.000000 8.830230
730.567886 14.017674
731.000000 14.017674
732.000000 14.017674
732.602227 13.847106
732.666009 11.688421
732.684587 11.470868
732.727479 10.525025
733.000000 10.525025
734.000000 10.525025
734.374030 6.364419
735.000000 6.364419
735.053559 7.583632
736.000000 7.583632
737.000000 7.583632
737.048598 7.441988
737.850750 3.463568
738.000000 3.463568
738.821869 2.562511
739.000000 2.562511
740.000000 2.562511
741.000000 2.562511
741.408861 3.928513
742.000000 3.928513
743.000000 3.928513
744.000000 3.928513
744.721283 4.963102
745.000000 4.963102
745.239421 8.707954
746.000000 8.707954
746.639678 8.597273
747.000000 8.597273
748.000000 8.597273
748.527732 7.346897
749.000000 7.346897
750.000000 7.346897
750.199317 7.320747
751.000000 7.320747
751.660290 5.224542
752.000000 5.224542
752.246779 2.556919
753.000000 2.556919
754.000000 2.556919
754.919839 2.512058
755.000000 2.512058
756.000000 2.512058
757.000000 2.512058
757.265011 3.548410
758.000000 3.548410
759.000000 3.548410
759.008882 2.628712
760.000000 2.628712
760.869438 2.583284
761.000000 2.583284
761.391038 6.116210
761.981886 6.052355
762.000000 6.052355
763.000000 6.052355
763.955469 4.404548
764.000000 4.404548
765.000000 4.404548
765.888651 7.566899
766.000000 7.566899
767.000000 7.566899
767.172167 10.622161
767.199448 10.421346
767.236538 12.681943
768.000000 12.681943
769.000000 12.681943
769.528329 10.553178
770.000000 10.553178
770.358788 10.402530
771.000000 10.402530
771.269617 14.581865
772.000000 14.581865
772.569569 11.014326
773.000000 11.014326
773.348459 10.804830
774.000000 10.804830
774.523423 8.834060
774.543468 13.874827
775.000000 13.874827
776.000000 13.874827
776.083221 13.624969
776.758366 10.332696
777.000000 10.332696
777.491052 10.209618
778.000000 10.209618
778.719119 5.294004
779.000000 5.294004
780.000000 5.294004
781.000000 5.294004
781.749104 7.374897
782.000000 7.374897
782.346768 8.521054
783.000000 8.521054
784.000000 8.521054
784.542235 14.336046
785.000000 14.336046
786.000000 14.336046
786.998298 11.388787
787.000000 11.388787
787.235709 12.201028
788.000000 12.201028
789.000000 12.201028
789.768068 6.885469
790.000000 6.885469
790.402617 7.875197
791.000000 7.875197
791.777437 7.722806
792.000000 7.722806
792.085499 9.504190
792.428528 9.472176
793.000000 9.472176
793.721564 11.476602
794.000000 11.476602
794.540957 14.457401
795.000000 14.457401
795.703386 17.426450
796.000000 17.426450
797.000000 17.426450
797.358396 21.031920
797.633840 17.592321
798.000000 17.592321
798.780994 20.606078
799.000000 20.606078
800.000000 20.606078
800.052138 23.445927
801.000000 23.445927
801.279129 19.823740
801.296267 19.764375
802.000000 19.764375
802.581547 16.354895
803.000000 16.354895
803.997773 11.771669
804.000000 11.771669
805.000000 11.771669
805.518465 12.978403
805.710993 9.201555
806.000000 9.201555
806.728303 9.041106
807.000000 9.041106
807.470088 5.988770
808.000000 5.988770
808.666682 8.984171
809.000000 8.984171
810.000000 8.984171
811.000000 8.984171
811.141556 14.407293
812.000000 14.407293
813.000000 14.407293
813.203650 18.129112
814.000000 18.129112
814.635258 17.953170
814.753655 12.520884
815.000000 12.520884
815.381672 12.519416
816.000000 12.519416
817.000000 12.519416
817.262747 8.000308
817.977418 7.889755
818.000000 7.889755
818.883710 4.417614
819.000000 4.417614
820.000000 4.417614
820.171685 6.682769
821.000000 6.682769
821.274713 6.572800
822.000000 6.572800
822.834316 8.043431
823.000000 8.043431
823.196787 8.380184
824.000000 8.380184
824.627281 8.217277
825.000000 8.217277
825.623801 9.482196
826.000000 9.482196
826.752586 11.764863
827.000000 11.764863
827.469415 11.590006
827.957085 15.351829
828.000000 15.351829
829.000000 15.351829
830.000000 15.351829
830.261161 16.394752
830.749609 14.630668
830.857203 14.450836
831.000000 14.450836
831.244491 14.298583
832.000000 14.298583
832.785968 8.479927
833.000000 8.479927
834.000000 8.479927
834.624426 9.321277
835.000000 9.321277
835.365161 12.363212
836.000000 12.363212
837.000000 12.363212
837.298632 13.739693
837.881982 17.092862
838.000000 17.092862
839.000000 17.092862
839.224535 18.728638
840.000000 18.728638
840.351050 13.849785
840.711722 15.652405
841.000000 15.652405
841.952539 17.358010
842.000000 17.358010
842.972224 18.779880
842.986490 17.915453
843.000000 17.915453
843.789761 19.100030
844.000000 19.100030
844.478838 20.246664
845.000000 20.246664
845.161891 21.548857
845.502954 28.129547
845.921039 28.323148
846.000000 28.323148
846.521085 28.527154
847.000000 28.527154
847.113251 28.838634
847.344455 28.330928
847.396364 28.220872
847.573484 27.768319
848.000000 27.768319
848.116422 23.613876
848.442267 23.232386
849.000000 23.232386
849.170292 17.929310
850.000000 17.929310
850.457617 17.654498
850.627462 12.504052
850.660317 12.356968
850.752919 10.647633
851.000000 10.647633
851.964387 13.646673
852.000000 13.646673
853.000000 13.646673
853.796811 20.457980
854.000000 20.457980
854.514708 20.359734
855.000000 20.359734
855.308682 25.282227
856.000000 25.282227
856.561181 24.937964
856.666720 18.945987
856.775246 18.752311
857.000000 18.752311
857.245747 19.754172
858.000000 19.754172
858.342292 14.349188
859.000000 14.349188
859.357332 14.070372
859.890357 9.053464
860.000000 9.053464
860.893461 8.941726
861.000000 8.941726
861.673951 8.375454
862.000000 8.375454
862.666164 11.196516
863.000000 11.196516
863.159988 11.007925
864.000000 11.007925
864.712252 12.573435
864.816645 16.051329
865.000000 16.051329
866.000000 16.051329
867.000000 16.051329
867.299098 18.358462
867.486113 13.533435
868.000000 13.533435
869.000000 13.533435
869.381506 17.147689
870.000000 17.147689
870.392470 15.058421
871.000000 15.058421
871.094674 19.234422
872.000000 19.234422
872.578529 21.487536
873.000000 21.487536
873.434903 26.894036
873.982570 25.314072
874.000000 25.314072
875.000000 25.314072
875.381350 22.983483
875.507997 22.534053
875.638519 19.362560
876.000000 19.362560
876.721704 15.191246
877.000000 15.191246
877.466310 18.303874
877.934868 14.517421
878.000000 14.517421
879.000000 14.517421
879.394352 11.390391
880.000000 11.390391
881.000000 11.390391
881.118686 9.295670
881.395708 11.544416
882.000000 11.544416
883.000000 11.544416
883.067359 10.398696
884.000000 10.398696
884.928080 6.390562
885.000000 6.390562
885.110143 5.801858
886.000000 5.801858
887.000000 5.801858
887.080397 5.403582
887.756944 5.300905
887.886892 5.829962
888.000000 5.829962
888.069814 5.807320
889.000000 5.807320
890.000000 5.807320
890.011797 10.481679
891.000000 10.481679
892.000000 10.481679
892.461626 14.255237
893.000000 14.255237
894.000000 14.255237
894.654323 11.314502
895.000000 11.314502
895.794317 11.258208
896.000000 11.258208
896.409445 5.898407
897.000000 5.898407
898.000000 5.898407
899.000000 5.898407
899.336628 4.549577
900.000000 4.549577
900.695807 6.354926
901.000000 6.354926
901.446066 6.276216
901.749069 10.799755
902.000000 10.799755
903.000000 10.799755
904.000000 10.799755
904.042545 15.918400
904.569412 15.751908
905.000000 15.751908
905.529205 18.504490
905.651851 15.262217
906.000000 15.262217
907.000000 15.262217
908.000000 15.262217
908.161124 9.868848
909.000000 9.868848
909.039826 13.667682
910.000000 13.667682
911.000000 13.667682
911.290390 11.857450
911.573242 13.809493
912.000000 13.809493
913.000000 13.809493
913.857643 12.301397
914.000000 12.301397
914.798945 16.374783
915.000000 16.374783
916.000000 16.374783
916.293503 14.276676
917.000000 14.276676
917.665236 18.780623
918.000000 18.780623
919.000000 18.780623
919.201637 15.899271
919.517143 15.647831
919.946810 12.157158
920.000000 12.157158
920.510838 14.648648
921.000000 14.648648
921.689147 11.549220
922.000000 11.549220
923.000000 11.549220
923.034770 11.331076
923.341549 6.171500
923.716988 6.088107
924.000000 6.088107
925.000000 6.088107
925.270870 2.864048
926.000000 2.864048
927.000000 2.864048
928.000000 2.864048
928.443404 2.832344
928.851642 3.800155
929.000000 3.800155
929.902398 2.490307
930.000000 2.490307
931.000000 2.490307
932.000000 2.490307
933.000000 2.490307
933.391468 4.526178
934.000000 4.526178
934.539007 4.489969
935.000000 4.489969
935.142287 6.892509
936.000000 6.892509
936.618501 6.807786
937.000000 6.807786
937.677542 11.185972
937.844448 11.003873
938.000000 11.003873
938.105954 13.993350
939.000000 13.993350
939.956055 12.311520
940.000000 12.311520
941.000000 12.311520
941.059234 16.122551
942.000000 16.122551
943.000000 16.122551
943.271949 19.266659
943.402442 15.456840
944.000000 15.456840
944.335045 15.262554
944.990407 16.213495
945.000000 16.213495
946.000000 16.213495
946.051084 11.709344
947.000000 11.709344
948.000000 11.709344
948.289192 12.317935
949.000000 12.317935
949.419978 9.227347
950.000000 9.227347
951.000000 9.227347
951.477103 6.946764
952.000000 6.946764
953.000000 6.946764
954.000000 6.946764
954.026945 6.076918
955.000000 6.076918
955.421399 3.380816
956.000000 3.380816
956.623291 3.318310
957.000000 3.318310
958.000000 3.318310
958.904820 2.826123
959.000000 2.826123
959.985596 4.396564
960.000000 4.396564
961.000000 4.396564
961.478668 4.323058
962.000000 4.323058
962.621582 5.184757
962.977763 9.209513
963.000000 9.209513
964.000000 9.209513
965.000000 9.209513
965.851579 11.545500
966.000000 11.545500
966.464704 11.463951
967.000000 11.463951
967.973360 11.214310
968.000000 11.214310
968.022959 11.911244
969.000000 11.911244
970.000000 11.911244
970.213785 11.371639
971.000000 11.371639
972.000000 11.371639
972.597191 15.456246
972.610432 12.351076
973.000000 12.351076
974.000000 12.351076
975.000000 12.351076
975.656752 9.301092
975.932223 11.497268
976.000000 11.497268
977.000000 11.497268
977.300110 11.312601
978.000000 11.312601
978.239629 7.455366
979.000000 7.455366
980.000000 7.455366
981.000000 7.455366
981.224743 3.227658
982.000000 3.227658
983.000000 3.227658
983.232711 4.603447
984.000000 4.603447
985.000000 4.603447
985.553330 3.042923
986.000000 3.042923
987.000000 3.042923
987.580106 4.932649
988.000000 4.932649
988.791941 4.850519
989.000000 4.850519
989.483147 7.093806
990.000000 7.093806
991.000000 7.093806
991.041742 10.329898
991.218280 10.126058
991.412274 13.238838
992.000000 13.238838
993.000000 13.238838
993.417408 16.784858
993.792970 18.785470
993.917061 18.422721
994.000000 18.422721
994.483519 19.376907
995.000000 19.376907
995.333678 19.530234
996.000000 19.530234
996.233482 18.588724
997.000000 18.588724
997.229771 16.304755
997.664416 16.100254
997.863407 11.374321
998.000000 11.374321
999.000000 11.374321
999.268707 11.339758
999.831205 7.755779
999.915460 7.644463
1000.000000 7.644463
1000.057356 5.104085
1001.000000 5.104085
1002.000000 5.104085
1002.584498 3.274209
1003.000000 3.274209
1003.043874 5.069457
1004.000000 5.069457
1005.000000 5.069457
1006.000000 5.069457
1007.000000 5.069457
1007.200441 9.677453
1007.345264 8.649556
1008.000000 8.649556
1009.000000 8.649556
1009.161018 8.574677
1009.557447 8.947726
1010.000000 8.947726
1010.106246 8.804647
1011.000000 8.804647
1011.675691 5.377575
1012.000000 5.377575
1013.000000 5.377575
1013.414608 5.301819
1014.000000 5.301819
1015.000000 5.301819
1015.393473 2.536800
1016.000000 2.536800
1017.000000 2.536800
1017.844236 2.533212
1018.000000 2.533212
1019.000000 2.533212
1019.500640 0.545109
1020.000000 0.545109
1021.000000 0.545109
1022.000000 0.545109
1023.000000 0.545109
1023.874943 0.536251
1024.000000 0.536251
1024.683219 1.212043
1025.000000 1.212043
1025.266970 1.207096
1026.000000 1.207096
1027.000000 1.207096
1028.000000 1.207096
1028.553186 1.100745
1029.000000 1.100745
1030.000000 1.100745
1030.727246 3.924032
1031.000000 3.924032
1032.000000 3.924032
1033.000000 3.924032
1034.000000 3.924032
1034.966331 7.458946
1035.000000 7.458946
1036.000000 7.458946
1036.205781 7.445207
1037.000000 7.445207
1037.362362 7.702281
1038.000000 7.702281
1039.000000 7.702281
1040.000000 7.702281
1040.641809 4.136898
1041.000000 4.136898
1042.000000 4.136898
1043.000000 4.136898
1044.000000 4.136898
1044.941059 4.266805
1045.000000 4.266805
1045.158431 1.525090
1046.000000 1.525090
1047.000000 1.525090
1048.000000 1.525090
1048.738142 1.499503
1049.000000 1.499503
1050.000000 1.499503
1051.000000 1.499503
1051.035966 0.705106
1052.000000 0.705106
1053.000000 0.705106
1054.000000 0.705106
1054.513210 2.631460
1055.000000 2.631460
1055.565324 2.603769
1056.000000 2.603769
1057.000000 2.603769
1057.579486 5.149177
1058.000000 5.149177
1059.000000 5.149177
1060.000000 5.149177
1060.928218 7.972274
1061.000000 7.972274
1061.473423 7.513470
1062.000000 7.513470
1062.525477 7.480135
1062.642066 8.802975
1063.000000 8.802975
1064.000000 8.802975
1065.000000 8.802975
1065.249541 8.840938
1066.000000 8.840938
1067.000000 8.840938
1067.934061 5.395890
1068.000000 5.395890
1069.000000 5.395890
1069.030876 5.346903
1069.718485 2.630144
1070.000000 2.630144
1071.000000 2.630144
1072.000000 2.630144
1073.000000 2.630144
1074.000000 2.630144
1075.000000 2.630144
1076.000000 2.630144
1076.323263 2.118014
1076.349243 3.504154
1077.000000 3.504154
1077.130885 3.453319
1078.000000 3.453319
1078.418400 4.321797
1079.000000 4.321797
1080.000000 4.321797
1081.000000 4.321797
1082.000000 4.321797
1082.189668 5.942767
1082.252103 4.899936
1083.000000 4.899936
1083.981552 4.814246
1084.000000 4.814246
1084.182585 8.744830
1085.000000 8.744830
1086.000000 8.744830
